transfer_probability    inoculation_fraction    avg_steps    avg_stable_ppl    avg_num_of_people__have_been_sick
0 0 5 1 1
0.05 0 10.915 5.545 5.545
0.1 0 15.95 15.975 15.975
0.15 0 14.12 19.23 19.23
0.2 0 12.065 19.365 19.365
0.25 0 11.165 19.975 19.975
0.3 0 10.205 19.995 19.995
0.35 0 9.76 19.995 19.995
0.4 0 9.26 20 20
0.45 0 9.055 20 20
0.5 0 8.775 20 20
0.55 0 8.585 20 20
0.6 0 8.405 20 20
0.65 0 8.245 20 20
0.7 0 8.09 20 20
0.75 0 8.025 20 20
0.8 0 7.975 20 20
0.85 0 7.92 20 20
0.9 0 7.815 20 20
0.95 0 7.705 20 20
1 0 7.67 20 20
0 0.05 5 2 1
0.05 0.05 11.23 6.255 5.255
0.1 0.05 15.11 13.955 12.955
0.15 0.05 13.915 18.865 17.865
0.2 0.05 12.255 19.495 18.495
0.25 0.05 11.355 19.955 18.955
0.3 0.05 10.31 19.995 18.995
0.35 0.05 9.81 20 19
0.4 0.05 9.465 19.995 18.995
0.45 0.05 9.015 20 19
0.5 0.05 8.92 19.995 18.995
0.55 0.05 8.585 20 19
0.6 0.05 8.425 20 19
0.65 0.05 8.265 20 19
0.7 0.05 8.055 20 19
0.75 0.05 8.075 20 19
0.8 0.05 8.005 20 19
0.85 0.05 7.915 20 19
0.9 0.05 7.865 20 19
0.95 0.05 7.75 20 19
1 0.05 7.755 20 19
0 0.1 5 3 1
0.05 0.1 9.62 6 4
0.1 0.1 15.895 15.34 13.34
0.15 0.1 14.475 19.1 17.1
0.2 0.1 12.545 19.53 17.53
0.25 0.1 11.48 19.96 17.96
0.3 0.1 10.555 19.97 17.97
0.35 0.1 10.075 19.995 17.995
0.4 0.1 9.485 19.995 17.995
0.45 0.1 9.12 20 18
0.5 0.1 9.03 20 18
0.55 0.1 8.63 20 18
0.6 0.1 8.38 20 18
0.65 0.1 8.245 20 18
0.7 0.1 8.16 20 18
0.75 0.1 8.095 20 18
0.8 0.1 8 20 18
0.85 0.1 7.9 20 18
0.9 0.1 7.88 20 18
0.95 0.1 7.745 20 18
1 0.1 7.685 20 18
0 0.15 5 4 1
0.05 0.15 9.555 6.835 3.835
0.1 0.15 14.68 13.915 10.915
0.15 0.15 14.23 17.935 14.935
0.2 0.15 12.76 19.455 16.455
0.25 0.15 11.675 19.795 16.795
0.3 0.15 10.715 19.91 16.91
0.35 0.15 10.18 19.99 16.99
0.4 0.15 9.595 19.995 16.995
0.45 0.15 9.255 20 17
0.5 0.15 8.93 20 17
0.55 0.15 8.73 20 17
0.6 0.15 8.505 20 17
0.65 0.15 8.365 20 17
0.7 0.15 8.18 20 17
0.75 0.15 8.115 20 17
0.8 0.15 8.04 20 17
0.85 0.15 7.965 20 17
0.9 0.15 7.865 20 17
0.95 0.15 7.77 20 17
1 0.15 7.785 20 17
0 0.2 5 5 1
0.05 0.2 9.25 7.475 3.475
0.1 0.2 14.245 13.785 9.785
0.15 0.2 14.605 18 14
0.2 0.2 12.94 19.375 15.375
0.25 0.2 11.625 19.62 15.62
0.3 0.2 10.68 19.955 15.955
0.35 0.2 10.265 19.985 15.985
0.4 0.2 9.78 19.995 15.995
0.45 0.2 9.315 20 16
0.5 0.2 9.04 19.995 15.995
0.55 0.2 8.84 20 16
0.6 0.2 8.57 20 16
0.65 0.2 8.42 20 16
0.7 0.2 8.285 20 16
0.75 0.2 8.19 20 16
0.8 0.2 8.085 20 16
0.85 0.2 7.995 20 16
0.9 0.2 7.91 20 16
0.95 0.2 7.875 20 16
1 0.2 7.73 20 16
0 0.25 5 6 1
0.05 0.25 9.09 8.355 3.355
0.1 0.25 12.775 13.14 8.14
0.15 0.25 14.67 17.675 12.675
0.2 0.25 13.22 19.365 14.365
0.25 0.25 12.06 19.845 14.845
0.3 0.25 11.045 19.875 14.875
0.35 0.25 10.355 19.97 14.97
0.4 0.25 9.82 19.99 14.99
0.45 0.25 9.405 19.99 14.99
0.5 0.25 9.045 19.995 14.995
0.55 0.25 8.93 20 15
0.6 0.25 8.695 20 15
0.65 0.25 8.48 20 15
0.7 0.25 8.25 20 15
0.75 0.25 8.205 20 15
0.8 0.25 8.055 20 15
0.85 0.25 8.04 20 15
0.9 0.25 7.9 20 15
0.95 0.25 7.85 20 15
1 0.25 7.735 20 15
0 0.3 5 7 1
0.05 0.3 8.165 8.855 2.855
0.1 0.3 13.1 13.49 7.49
0.15 0.3 14.225 17.63 11.63
0.2 0.3 13.335 18.935 12.935
0.25 0.3 12.055 19.545 13.545
0.3 0.3 11.26 19.95 13.95
0.35 0.3 10.48 19.995 13.995
0.4 0.3 9.95 19.98 13.98
0.45 0.3 9.61 19.985 13.985
0.5 0.3 9.185 20 14
0.55 0.3 8.895 20 14
0.6 0.3 8.81 20 14
0.65 0.3 8.4 20 14
0.7 0.3 8.315 20 14
0.75 0.3 8.22 20 14
0.8 0.3 8.105 20 14
0.85 0.3 8.035 20 14
0.9 0.3 7.93 20 14
0.95 0.3 7.87 20 14
1 0.3 7.745 20 14
0 0.35 5 8 1
0.05 0.35 7.83 9.66 2.66
0.1 0.35 11.75 13.18 6.18
0.15 0.35 14.07 17.265 10.265
0.2 0.35 13.145 18.87 11.87
0.25 0.35 12.41 19.505 12.505
0.3 0.35 11.225 19.84 12.84
0.35 0.35 10.74 19.965 12.965
0.4 0.35 9.995 19.86 12.86
0.45 0.35 9.745 19.995 12.995
0.5 0.35 9.285 20 13
0.55 0.35 8.97 19.995 12.995
0.6 0.35 8.785 20 13
0.65 0.35 8.595 20 13
0.7 0.35 8.39 20 13
0.75 0.35 8.2 20 13
0.8 0.35 8.13 20 13
0.85 0.35 8.085 20 13
0.9 0.35 7.905 20 13
0.95 0.35 7.895 20 13
1 0.35 7.805 20 13
0 0.4 5 9 1
0.05 0.4 7.475 10.35 2.35
0.1 0.4 11.455 13.515 5.515
0.15 0.4 13.02 16.465 8.465
0.2 0.4 13.68 18.66 10.66
0.25 0.4 12.5 19.41 11.41
0.3 0.4 11.51 19.69 11.69
0.35 0.4 10.695 19.96 11.96
0.4 0.4 10.32 19.98 11.98
0.45 0.4 9.775 19.92 11.92
0.5 0.4 9.345 19.99 11.99
0.55 0.4 9.115 20 12
0.6 0.4 8.91 20 12
0.65 0.4 8.68 20 12
0.7 0.4 8.515 20 12
0.75 0.4 8.38 19.995 11.995
0.8 0.4 8.23 20 12
0.85 0.4 8.14 20 12
0.9 0.4 8.01 20 12
0.95 0.4 7.885 20 12
1 0.4 7.82 20 12
0 0.45 5 10 1
0.05 0.45 7.13 11.055 2.055
0.1 0.45 10.31 13.44 4.44
0.15 0.45 12.87 16.32 7.32
0.2 0.45 13.18 18.335 9.335
0.25 0.45 12.145 19.055 10.055
0.3 0.45 11.6 19.45 10.45
0.35 0.45 11.005 19.84 10.84
0.4 0.45 10.44 19.795 10.795
0.45 0.45 9.83 19.97 10.97
0.5 0.45 9.43 19.98 10.98
0.55 0.45 9.19 19.985 10.985
0.6 0.45 8.925 20 11
0.65 0.45 8.7 19.995 10.995
0.7 0.45 8.565 19.995 10.995
0.75 0.45 8.405 20 11
0.8 0.45 8.305 20 11
0.85 0.45 8.255 20 11
0.9 0.45 8.045 20 11
0.95 0.45 7.92 20 11
1 0.45 7.885 20 11
0 0.5 5 11 1
0.05 0.5 6.98 11.975 1.975
0.1 0.5 9.365 13.74 3.74
0.15 0.5 12.095 16.055 6.055
0.2 0.5 12.55 17.7 7.7
0.25 0.5 12.86 18.91 8.91
0.3 0.5 12.03 19.545 9.545
0.35 0.5 11.35 19.72 9.72
0.4 0.5 10.56 19.755 9.755
0.45 0.5 10.115 19.925 9.925
0.5 0.5 9.895 19.995 9.995
0.55 0.5 9.36 19.955 9.955
0.6 0.5 9 20 10
0.65 0.5 8.885 19.995 9.995
0.7 0.5 8.715 20 10
0.75 0.5 8.475 20 10
0.8 0.5 8.34 20 10
0.85 0.5 8.165 20 10
0.9 0.5 8.14 20 10
0.95 0.5 8.025 20 10
1 0.5 7.9 20 10
0 0.55 5 12 1
0.05 0.55 6.62 12.78 1.78
0.1 0.55 8.365 13.875 2.875
0.15 0.55 10.84 15.99 4.99
0.2 0.55 11.865 17.425 6.425
0.25 0.55 12.055 18.78 7.78
0.3 0.55 11.995 19.25 8.25
0.35 0.55 11.07 19.42 8.42
0.4 0.55 10.665 19.86 8.86
0.45 0.55 10.175 19.835 8.835
0.5 0.55 9.78 19.94 8.94
0.55 0.55 9.565 19.975 8.975
0.6 0.55 9.295 19.985 8.985
0.65 0.55 9.175 19.99 8.99
0.7 0.55 8.805 20 9
0.75 0.55 8.635 20 9
0.8 0.55 8.31 20 9
0.85 0.55 8.32 20 9
0.9 0.55 8.1 20 9
0.95 0.55 8.1 20 9
1 0.55 8.065 20 9
0 0.6 5 13 1
0.05 0.6 6.555 13.73 1.73
0.1 0.6 8.15 14.7 2.7
0.15 0.6 10.385 16.33 4.33
0.2 0.6 11.19 17.21 5.21
0.25 0.6 11 17.845 5.845
0.3 0.6 11.61 19.065 7.065
0.35 0.6 11.51 19.44 7.44
0.4 0.6 10.815 19.655 7.655
0.45 0.6 10.48 19.795 7.795
0.5 0.6 10.065 19.88 7.88
0.55 0.6 9.685 19.935 7.935
0.6 0.6 9.465 19.985 7.985
0.65 0.6 9.165 19.985 7.985
0.7 0.6 8.815 19.995 7.995
0.75 0.6 8.835 19.995 7.995
0.8 0.6 8.505 20 8
0.85 0.6 8.355 20 8
0.9 0.6 8.26 20 8
0.95 0.6 8.145 20 8
1 0.6 7.94 20 8
0 0.65 5 14 1
0.05 0.65 6.49 14.7 1.7
0.1 0.65 7.51 15.315 2.315
0.15 0.65 8.435 15.985 2.985
0.2 0.65 9.905 17.105 4.105
0.25 0.65 10.135 17.785 4.785
0.3 0.65 10.875 18.595 5.595
0.35 0.65 11.08 19.285 6.285
0.4 0.65 10.48 19.28 6.28
0.45 0.65 10.725 19.795 6.795
0.5 0.65 10.2 19.815 6.815
0.55 0.65 9.58 19.875 6.875
0.6 0.65 9.855 19.9 6.9
0.65 0.65 9.23 19.985 6.985
0.7 0.65 9.02 19.99 6.99
0.75 0.65 8.88 19.99 6.99
0.8 0.65 8.63 19.99 6.99
0.85 0.65 8.57 19.995 6.995
0.9 0.65 8.335 19.99 6.99
0.95 0.65 8.24 19.985 6.985
1 0.65 8.005 20 7
0 0.7 5 15 1
0.05 0.7 5.98 15.435 1.435
0.1 0.7 6.83 15.87 1.87
0.15 0.7 8.23 16.665 2.665
0.2 0.7 9.01 17.255 3.255
0.25 0.7 9.28 17.835 3.835
0.3 0.7 9.645 18.105 4.105
0.35 0.7 10.17 18.865 4.865
0.4 0.7 10.74 19.42 5.42
0.45 0.7 10.445 19.55 5.55
0.5 0.7 10.03 19.62 5.62
0.55 0.7 9.895 19.75 5.75
0.6 0.7 9.52 19.9 5.9
0.65 0.7 9.375 19.88 5.88
0.7 0.7 9.07 19.895 5.895
0.75 0.7 8.92 19.98 5.98
0.8 0.7 8.75 19.985 5.985
0.85 0.7 8.625 19.995 5.995
0.9 0.7 8.545 19.99 5.99
0.95 0.7 8.285 20 6
1 0.7 8.2 20 6
0 0.75 5 16 1
0.05 0.75 5.685 16.285 1.285
0.1 0.75 6.375 16.655 1.655
0.15 0.75 7.17 17.03 2.03
0.2 0.75 8.205 17.63 2.63
0.25 0.75 8.535 17.965 2.965
0.3 0.75 9.645 18.65 3.65
0.35 0.75 9.415 18.755 3.755
0.4 0.75 9.405 18.92 3.92
0.45 0.75 9.295 19.035 4.035
0.5 0.75 9.3 19.37 4.37
0.55 0.75 9.45 19.535 4.535
0.6 0.75 9.33 19.745 4.745
0.65 0.75 9.285 19.82 4.82
0.7 0.75 8.99 19.845 4.845
0.75 0.75 8.92 19.92 4.92
0.8 0.75 8.94 19.925 4.925
0.85 0.75 8.625 19.92 4.92
0.9 0.75 8.365 19.92 4.92
0.95 0.75 8.55 19.98 4.98
1 0.75 8.2 19.97 4.97
0 0.8 5 17 1
0.05 0.8 5.455 17.185 1.185
0.1 0.8 6.005 17.445 1.445
0.15 0.8 6.635 17.745 1.745
0.2 0.8 6.94 17.905 1.905
0.25 0.8 7.395 18.245 2.245
0.3 0.8 7.875 18.56 2.56
0.35 0.8 8.09 18.665 2.665
0.4 0.8 8.39 18.865 2.865
0.45 0.8 8.415 19 3
0.5 0.8 9.045 19.425 3.425
0.55 0.8 8.74 19.46 3.46
0.6 0.8 8.955 19.55 3.55
0.65 0.8 8.425 19.54 3.54
0.7 0.8 8.715 19.67 3.67
0.75 0.8 8.725 19.73 3.73
0.8 0.8 8.72 19.845 3.845
0.85 0.8 8.42 19.86 3.86
0.9 0.8 8.295 19.895 3.895
0.95 0.8 8.315 19.885 3.885
1 0.8 8.305 19.93 3.93
0 0.85 5 18 1
0.05 0.85 5.37 18.165 1.165
0.1 0.85 5.75 18.28 1.28
0.15 0.85 5.975 18.41 1.41
0.2 0.85 6.315 18.565 1.565
0.25 0.85 6.54 18.69 1.69
0.3 0.85 6.79 18.825 1.825
0.35 0.85 6.97 18.985 1.985
0.4 0.85 7.115 19.06 2.06
0.45 0.85 7.3 19.17 2.17
0.5 0.85 7.45 19.285 2.285
0.55 0.85 7.38 19.225 2.225
0.6 0.85 7.685 19.46 2.46
0.65 0.85 7.585 19.4 2.4
0.7 0.85 7.72 19.57 2.57
0.75 0.85 7.805 19.7 2.7
0.8 0.85 7.77 19.72 2.72
0.85 0.85 7.785 19.69 2.69
0.9 0.85 7.985 19.825 2.825
0.95 0.85 7.75 19.78 2.78
1 0.85 7.83 19.895 2.895
0 0.9 5 19 1
0.05 0.9 5.115 19.05 1.05
0.1 0.9 5.415 19.155 1.155
0.15 0.9 5.44 19.18 1.18
0.2 0.9 5.63 19.245 1.245
0.25 0.9 5.655 19.26 1.26
0.3 0.9 5.715 19.315 1.315
0.35 0.9 5.94 19.395 1.395
0.4 0.9 6.125 19.435 1.435
0.45 0.9 5.98 19.425 1.425
0.5 0.9 6.03 19.485 1.485
0.55 0.9 6.265 19.565 1.565
0.6 0.9 6.33 19.56 1.56
0.65 0.9 6.295 19.575 1.575
0.7 0.9 6.495 19.68 1.68
0.75 0.9 6.575 19.685 1.685
0.8 0.9 6.365 19.635 1.635
0.85 0.9 6.53 19.705 1.705
0.9 0.9 6.42 19.67 1.67
0.95 0.9 6.61 19.765 1.765
1 0.9 6.425 19.735 1.735
0 0.95 5 20 1
0.05 0.95 5 20 1
0.1 0.95 5 20 1
0.15 0.95 5 20 1
0.2 0.95 5 20 1
0.25 0.95 5 20 1
0.3 0.95 5 20 1
0.35 0.95 5 20 1
0.4 0.95 5 20 1
0.45 0.95 5 20 1
0.5 0.95 5 20 1
0.55 0.95 5 20 1
0.6 0.95 5 20 1
0.65 0.95 5 20 1
0.7 0.95 5 20 1
0.75 0.95 5 20 1
0.8 0.95 5 20 1
0.85 0.95 5 20 1
0.9 0.95 5 20 1
0.95 0.95 5 20 1
1 0.95 5 20 1
