transfer_probability    inoculation_fraction    avg_steps    avg_stable_ppl
0 0 5 1
0.05 0 10 5
0.1 0 15 15
0.15 0 14 19
0.2 0 12 19
0.25 0 11 19
0.3 0 10 19
0.35 0 9 19
0.4 0 9 20
0.45 0 9 20
0.5 0 8 20
0.55 0 8 20
0.6 0 8 20
0.65 0 8 20
0.7 0 8 20
0.75 0 8 20
0.8 0 7 20
0.85 0 7 20
0.9 0 7 20
0.95 0 7 20
1 0 7 20
0 0.05 5 2
0.05 0.05 11 6
0.1 0.05 15 13
0.15 0.05 13 18
0.2 0.05 12 19
0.25 0.05 11 19
0.3 0.05 10 19
0.35 0.05 9 20
0.4 0.05 9 19
0.45 0.05 9 20
0.5 0.05 8 19
0.55 0.05 8 20
0.6 0.05 8 20
0.65 0.05 8 20
0.7 0.05 8 20
0.75 0.05 8 20
0.8 0.05 8 20
0.85 0.05 7 20
0.9 0.05 7 20
0.95 0.05 7 20
1 0.05 7 20
0 0.1 5 3
0.05 0.1 9 6
0.1 0.1 15 15
0.15 0.1 14 19
0.2 0.1 12 19
0.25 0.1 11 19
0.3 0.1 10 19
0.35 0.1 10 19
0.4 0.1 9 19
0.45 0.1 9 20
0.5 0.1 9 20
0.55 0.1 8 20
0.6 0.1 8 20
0.65 0.1 8 20
0.7 0.1 8 20
0.75 0.1 8 20
0.8 0.1 8 20
0.85 0.1 7 20
0.9 0.1 7 20
0.95 0.1 7 20
1 0.1 7 20
0 0.15 5 4
0.05 0.15 9 6
0.1 0.15 14 13
0.15 0.15 14 17
0.2 0.15 12 19
0.25 0.15 11 19
0.3 0.15 10 19
0.35 0.15 10 19
0.4 0.15 9 19
0.45 0.15 9 20
0.5 0.15 8 20
0.55 0.15 8 20
0.6 0.15 8 20
0.65 0.15 8 20
0.7 0.15 8 20
0.75 0.15 8 20
0.8 0.15 8 20
0.85 0.15 7 20
0.9 0.15 7 20
0.95 0.15 7 20
1 0.15 7 20
0 0.2 5 5
0.05 0.2 9 7
0.1 0.2 14 13
0.15 0.2 14 18
0.2 0.2 12 19
0.25 0.2 11 19
0.3 0.2 10 19
0.35 0.2 10 19
0.4 0.2 9 19
0.45 0.2 9 20
0.5 0.2 9 19
0.55 0.2 8 20
0.6 0.2 8 20
0.65 0.2 8 20
0.7 0.2 8 20
0.75 0.2 8 20
0.8 0.2 8 20
0.85 0.2 7 20
0.9 0.2 7 20
0.95 0.2 7 20
1 0.2 7 20
0 0.25 5 6
0.05 0.25 9 8
0.1 0.25 12 13
0.15 0.25 14 17
0.2 0.25 13 19
0.25 0.25 12 19
0.3 0.25 11 19
0.35 0.25 10 19
0.4 0.25 9 19
0.45 0.25 9 19
0.5 0.25 9 19
0.55 0.25 8 20
0.6 0.25 8 20
0.65 0.25 8 20
0.7 0.25 8 20
0.75 0.25 8 20
0.8 0.25 8 20
0.85 0.25 8 20
0.9 0.25 7 20
0.95 0.25 7 20
1 0.25 7 20
0 0.3 5 7
0.05 0.3 8 8
0.1 0.3 13 13
0.15 0.3 14 17
0.2 0.3 13 18
0.25 0.3 12 19
0.3 0.3 11 19
0.35 0.3 10 19
0.4 0.3 9 19
0.45 0.3 9 19
0.5 0.3 9 20
0.55 0.3 8 20
0.6 0.3 8 20
0.65 0.3 8 20
0.7 0.3 8 20
0.75 0.3 8 20
0.8 0.3 8 20
0.85 0.3 8 20
0.9 0.3 7 20
0.95 0.3 7 20
1 0.3 7 20
0 0.35 5 8
0.05 0.35 7 9
0.1 0.35 11 13
0.15 0.35 14 17
0.2 0.35 13 18
0.25 0.35 12 19
0.3 0.35 11 19
0.35 0.35 10 19
0.4 0.35 9 19
0.45 0.35 9 19
0.5 0.35 9 20
0.55 0.35 8 19
0.6 0.35 8 20
0.65 0.35 8 20
0.7 0.35 8 20
0.75 0.35 8 20
0.8 0.35 8 20
0.85 0.35 8 20
0.9 0.35 7 20
0.95 0.35 7 20
1 0.35 7 20
0 0.4 5 9
0.05 0.4 7 10
0.1 0.4 11 13
0.15 0.4 13 16
0.2 0.4 13 18
0.25 0.4 12 19
0.3 0.4 11 19
0.35 0.4 10 19
0.4 0.4 10 19
0.45 0.4 9 19
0.5 0.4 9 19
0.55 0.4 9 20
0.6 0.4 8 20
0.65 0.4 8 20
0.7 0.4 8 20
0.75 0.4 8 19
0.8 0.4 8 20
0.85 0.4 8 20
0.9 0.4 8 20
0.95 0.4 7 20
1 0.4 7 20
0 0.45 5 10
0.05 0.45 7 11
0.1 0.45 10 13
0.15 0.45 12 16
0.2 0.45 13 18
0.25 0.45 12 19
0.3 0.45 11 19
0.35 0.45 11 19
0.4 0.45 10 19
0.45 0.45 9 19
0.5 0.45 9 19
0.55 0.45 9 19
0.6 0.45 8 20
0.65 0.45 8 19
0.7 0.45 8 19
0.75 0.45 8 20
0.8 0.45 8 20
0.85 0.45 8 20
0.9 0.45 8 20
0.95 0.45 7 20
1 0.45 7 20
0 0.5 5 11
0.05 0.5 6 11
0.1 0.5 9 13
0.15 0.5 12 16
0.2 0.5 12 17
0.25 0.5 12 18
0.3 0.5 12 19
0.35 0.5 11 19
0.4 0.5 10 19
0.45 0.5 10 19
0.5 0.5 9 19
0.55 0.5 9 19
0.6 0.5 9 20
0.65 0.5 8 19
0.7 0.5 8 20
0.75 0.5 8 20
0.8 0.5 8 20
0.85 0.5 8 20
0.9 0.5 8 20
0.95 0.5 8 20
1 0.5 7 20
0 0.55 5 12
0.05 0.55 6 12
0.1 0.55 8 13
0.15 0.55 10 15
0.2 0.55 11 17
0.25 0.55 12 18
0.3 0.55 11 19
0.35 0.55 11 19
0.4 0.55 10 19
0.45 0.55 10 19
0.5 0.55 9 19
0.55 0.55 9 19
0.6 0.55 9 19
0.65 0.55 9 19
0.7 0.55 8 20
0.75 0.55 8 20
0.8 0.55 8 20
0.85 0.55 8 20
0.9 0.55 8 20
0.95 0.55 8 20
1 0.55 8 20
0 0.6 5 13
0.05 0.6 6 13
0.1 0.6 8 14
0.15 0.6 10 16
0.2 0.6 11 17
0.25 0.6 11 17
0.3 0.6 11 19
0.35 0.6 11 19
0.4 0.6 10 19
0.45 0.6 10 19
0.5 0.6 10 19
0.55 0.6 9 19
0.6 0.6 9 19
0.65 0.6 9 19
0.7 0.6 8 19
0.75 0.6 8 19
0.8 0.6 8 20
0.85 0.6 8 20
0.9 0.6 8 20
0.95 0.6 8 20
1 0.6 7 20
0 0.65 5 14
0.05 0.65 6 14
0.1 0.65 7 15
0.15 0.65 8 15
0.2 0.65 9 17
0.25 0.65 10 17
0.3 0.65 10 18
0.35 0.65 11 19
0.4 0.65 10 19
0.45 0.65 10 19
0.5 0.65 10 19
0.55 0.65 9 19
0.6 0.65 9 19
0.65 0.65 9 19
0.7 0.65 9 19
0.75 0.65 8 19
0.8 0.65 8 19
0.85 0.65 8 19
0.9 0.65 8 19
0.95 0.65 8 19
1 0.65 8 20
0 0.7 5 15
0.05 0.7 5 15
0.1 0.7 6 15
0.15 0.7 8 16
0.2 0.7 9 17
0.25 0.7 9 17
0.3 0.7 9 18
0.35 0.7 10 18
0.4 0.7 10 19
0.45 0.7 10 19
0.5 0.7 10 19
0.55 0.7 9 19
0.6 0.7 9 19
0.65 0.7 9 19
0.7 0.7 9 19
0.75 0.7 8 19
0.8 0.7 8 19
0.85 0.7 8 19
0.9 0.7 8 19
0.95 0.7 8 20
1 0.7 8 20
0 0.75 5 16
0.05 0.75 5 16
0.1 0.75 6 16
0.15 0.75 7 17
0.2 0.75 8 17
0.25 0.75 8 17
0.3 0.75 9 18
0.35 0.75 9 18
0.4 0.75 9 18
0.45 0.75 9 19
0.5 0.75 9 19
0.55 0.75 9 19
0.6 0.75 9 19
0.65 0.75 9 19
0.7 0.75 8 19
0.75 0.75 8 19
0.8 0.75 8 19
0.85 0.75 8 19
0.9 0.75 8 19
0.95 0.75 8 19
1 0.75 8 19
0 0.8 5 17
0.05 0.8 5 17
0.1 0.8 6 17
0.15 0.8 6 17
0.2 0.8 6 17
0.25 0.8 7 18
0.3 0.8 7 18
0.35 0.8 8 18
0.4 0.8 8 18
0.45 0.8 8 19
0.5 0.8 9 19
0.55 0.8 8 19
0.6 0.8 8 19
0.65 0.8 8 19
0.7 0.8 8 19
0.75 0.8 8 19
0.8 0.8 8 19
0.85 0.8 8 19
0.9 0.8 8 19
0.95 0.8 8 19
1 0.8 8 19
0 0.85 5 18
0.05 0.85 5 18
0.1 0.85 5 18
0.15 0.85 5 18
0.2 0.85 6 18
0.25 0.85 6 18
0.3 0.85 6 18
0.35 0.85 6 18
0.4 0.85 7 19
0.45 0.85 7 19
0.5 0.85 7 19
0.55 0.85 7 19
0.6 0.85 7 19
0.65 0.85 7 19
0.7 0.85 7 19
0.75 0.85 7 19
0.8 0.85 7 19
0.85 0.85 7 19
0.9 0.85 7 19
0.95 0.85 7 19
1 0.85 7 19
0 0.9 5 19
0.05 0.9 5 19
0.1 0.9 5 19
0.15 0.9 5 19
0.2 0.9 5 19
0.25 0.9 5 19
0.3 0.9 5 19
0.35 0.9 5 19
0.4 0.9 6 19
0.45 0.9 5 19
0.5 0.9 6 19
0.55 0.9 6 19
0.6 0.9 6 19
0.65 0.9 6 19
0.7 0.9 6 19
0.75 0.9 6 19
0.8 0.9 6 19
0.85 0.9 6 19
0.9 0.9 6 19
0.95 0.9 6 19
1 0.9 6 19
0 0.95 5 20
0.05 0.95 5 20
0.1 0.95 5 20
0.15 0.95 5 20
0.2 0.95 5 20
0.25 0.95 5 20
0.3 0.95 5 20
0.35 0.95 5 20
0.4 0.95 5 20
0.45 0.95 5 20
0.5 0.95 5 20
0.55 0.95 5 20
0.6 0.95 5 20
0.65 0.95 5 20
0.7 0.95 5 20
0.75 0.95 5 20
0.8 0.95 5 20
0.85 0.95 5 20
0.9 0.95 5 20
0.95 0.95 5 20
1 0.95 5 20
transfer_probability    inoculation_fraction    avg_steps    avg_stable_ppl
0 0 5 1
0.05 0 19 22
0.1 0 27 159
0.15 0 21 186
0.2 0 18 197
0.25 0 15 199
0.3 0 14 199
0.35 0 13 199
0.4 0 12 199
0.45 0 12 200
0.5 0 11 199
0.55 0 11 200
0.6 0 10 200
0.65 0 10 200
0.7 0 10 200
0.75 0 10 200
0.8 0 10 200
0.85 0 9 200
0.9 0 9 200
0.95 0 9 200
1 0 9 200
0 0.05 5 11
0.05 0.05 16 26
0.1 0.05 29 158
0.15 0.05 21 186
0.2 0.05 18 194
0.25 0.05 16 199
0.3 0.05 14 199
0.35 0.05 13 199
0.4 0.05 12 199
0.45 0.05 12 199
0.5 0.05 11 200
0.55 0.05 11 200
0.6 0.05 10 200
0.65 0.05 10 200
0.7 0.05 10 200
0.75 0.05 10 200
0.8 0.05 10 200
0.85 0.05 9 200
0.9 0.05 9 200
0.95 0.05 9 200
1 0.05 9 200
0 0.1 5 21
0.05 0.1 16 33
0.1 0.1 28 146
0.15 0.1 23 189
0.2 0.1 18 194
0.25 0.1 16 199
0.3 0.1 14 199
0.35 0.1 13 199
0.4 0.1 13 199
0.45 0.1 12 199
0.5 0.1 11 199
0.55 0.1 11 200
0.6 0.1 11 200
0.65 0.1 10 200
0.7 0.1 10 200
0.75 0.1 10 200
0.8 0.1 10 200
0.85 0.1 10 200
0.9 0.1 9 200
0.95 0.1 9 200
1 0.1 9 200
0 0.15 5 31
0.05 0.15 14 41
0.1 0.15 29 146
0.15 0.15 23 179
0.2 0.15 19 194
0.25 0.15 16 198
0.3 0.15 15 199
0.35 0.15 14 199
0.4 0.15 13 199
0.45 0.15 12 199
0.5 0.15 11 199
0.55 0.15 11 200
0.6 0.15 11 200
0.65 0.15 10 200
0.7 0.15 10 200
0.75 0.15 10 200
0.8 0.15 10 200
0.85 0.15 10 200
0.9 0.15 9 200
0.95 0.15 9 200
1 0.15 9 200
0 0.2 5 41
0.05 0.2 12 48
0.1 0.2 30 141
0.15 0.2 24 187
0.2 0.2 20 194
0.25 0.2 17 198
0.3 0.2 15 198
0.35 0.2 14 199
0.4 0.2 13 199
0.45 0.2 12 199
0.5 0.2 12 200
0.55 0.2 11 199
0.6 0.2 11 199
0.65 0.2 11 200
0.7 0.2 10 200
0.75 0.2 10 200
0.8 0.2 10 199
0.85 0.2 10 200
0.9 0.2 10 200
0.95 0.2 9 200
1 0.2 9 200
0 0.25 5 51
0.05 0.25 10 54
0.1 0.25 29 130
0.15 0.25 24 178
0.2 0.25 20 191
0.25 0.25 18 197
0.3 0.25 16 199
0.35 0.25 14 199
0.4 0.25 13 199
0.45 0.25 13 199
0.5 0.25 12 199
0.55 0.25 12 199
0.6 0.25 11 199
0.65 0.25 11 200
0.7 0.25 11 200
0.75 0.25 10 200
0.8 0.25 10 200
0.85 0.25 10 200
0.9 0.25 10 200
0.95 0.25 10 200
1 0.25 9 200
0 0.3 5 61
0.05 0.3 9 64
0.1 0.3 28 126
0.15 0.3 24 170
0.2 0.3 21 190
0.25 0.3 18 197
0.3 0.3 16 198
0.35 0.3 15 199
0.4 0.3 14 199
0.45 0.3 13 199
0.5 0.3 12 199
0.55 0.3 12 199
0.6 0.3 11 200
0.65 0.3 11 200
0.7 0.3 11 200
0.75 0.3 10 200
0.8 0.3 10 200
0.85 0.3 10 200
0.9 0.3 10 200
0.95 0.3 10 200
1 0.3 10 200
0 0.35 5 71
0.05 0.35 8 73
0.1 0.35 28 125
0.15 0.35 24 167
0.2 0.35 21 187
0.25 0.35 19 194
0.3 0.35 17 198
0.35 0.35 15 199
0.4 0.35 14 199
0.45 0.35 13 199
0.5 0.35 13 199
0.55 0.35 12 199
0.6 0.35 12 199
0.65 0.35 11 199
0.7 0.35 11 200
0.75 0.35 11 200
0.8 0.35 10 200
0.85 0.35 10 200
0.9 0.35 10 200
0.95 0.35 10 200
1 0.35 10 200
0 0.4 5 81
0.05 0.4 8 83
0.1 0.4 23 114
0.15 0.4 26 166
0.2 0.4 23 189
0.25 0.4 20 193
0.3 0.4 17 197
0.35 0.4 16 198
0.4 0.4 15 199
0.45 0.4 14 199
0.5 0.4 13 199
0.55 0.4 13 199
0.6 0.4 12 199
0.65 0.4 11 199
0.7 0.4 11 199
0.75 0.4 11 200
0.8 0.4 11 200
0.85 0.4 10 200
0.9 0.4 10 200
0.95 0.4 10 200
1 0.4 10 200
0 0.45 5 91
0.05 0.45 7 92
0.1 0.45 21 117
0.15 0.45 27 165
0.2 0.45 23 181
0.25 0.45 21 193
0.3 0.45 18 195
0.35 0.45 17 197
0.4 0.45 15 198
0.45 0.45 14 199
0.5 0.45 13 199
0.55 0.45 13 199
0.6 0.45 12 199
0.65 0.45 12 199
0.7 0.45 11 199
0.75 0.45 11 200
0.8 0.45 11 199
0.85 0.45 11 200
0.9 0.45 10 200
0.95 0.45 10 200
1 0.45 10 200
0 0.5 5 101
0.05 0.5 7 102
0.1 0.5 16 114
0.15 0.5 25 154
0.2 0.5 24 178
0.25 0.5 21 187
0.3 0.5 19 194
0.35 0.5 18 197
0.4 0.5 16 199
0.45 0.5 15 199
0.5 0.5 14 199
0.55 0.5 13 199
0.6 0.5 13 199
0.65 0.5 12 199
0.7 0.5 12 199
0.75 0.5 11 199
0.8 0.5 11 199
0.85 0.5 11 199
0.9 0.5 11 199
0.95 0.5 10 200
1 0.5 10 200
0 0.55 5 111
0.05 0.55 7 112
0.1 0.55 14 120
0.15 0.55 24 148
0.2 0.55 25 173
0.25 0.55 21 184
0.3 0.55 20 193
0.35 0.55 18 196
0.4 0.55 17 197
0.45 0.55 16 198
0.5 0.55 15 198
0.55 0.55 14 199
0.6 0.55 13 199
0.65 0.55 13 199
0.7 0.55 12 199
0.75 0.55 12 199
0.8 0.55 11 199
0.85 0.55 11 200
0.9 0.55 11 200
0.95 0.55 11 200
1 0.55 11 200
0 0.6 5 121
0.05 0.6 6 121
0.1 0.6 12 126
0.15 0.6 20 143
0.2 0.6 25 171
0.25 0.6 23 184
0.3 0.6 21 190
0.35 0.6 19 193
0.4 0.6 18 196
0.45 0.6 16 198
0.5 0.6 15 199
0.55 0.6 15 199
0.6 0.6 14 199
0.65 0.6 13 199
0.7 0.6 13 199
0.75 0.6 12 199
0.8 0.6 12 199
0.85 0.6 12 199
0.9 0.6 11 199
0.95 0.6 11 200
1 0.6 11 199
0 0.65 5 131
0.05 0.65 6 131
0.1 0.65 9 134
0.15 0.65 17 144
0.2 0.65 22 162
0.25 0.65 24 178
0.3 0.65 22 186
0.35 0.65 21 192
0.4 0.65 19 196
0.45 0.65 17 197
0.5 0.65 16 197
0.55 0.65 15 199
0.6 0.65 15 199
0.65 0.65 14 199
0.7 0.65 13 199
0.75 0.65 13 199
0.8 0.65 13 199
0.85 0.65 12 199
0.9 0.65 12 199
0.95 0.65 12 199
1 0.65 11 199
0 0.7 5 141
0.05 0.7 6 141
0.1 0.7 8 143
0.15 0.7 12 147
0.2 0.7 18 158
0.25 0.7 23 172
0.3 0.7 22 183
0.35 0.7 21 188
0.4 0.7 20 192
0.45 0.7 19 196
0.5 0.7 18 196
0.55 0.7 17 197
0.6 0.7 15 198
0.65 0.7 15 199
0.7 0.7 14 199
0.75 0.7 14 199
0.8 0.7 13 199
0.85 0.7 13 199
0.9 0.7 13 199
0.95 0.7 12 199
1 0.7 12 199
0 0.75 5 151
0.05 0.75 6 151
0.1 0.75 7 152
0.15 0.75 9 154
0.2 0.75 14 159
0.25 0.75 17 166
0.3 0.75 21 176
0.35 0.75 21 182
0.4 0.75 21 187
0.45 0.75 20 191
0.5 0.75 19 194
0.55 0.75 18 196
0.6 0.75 17 197
0.65 0.75 16 198
0.7 0.75 15 198
0.75 0.75 15 198
0.8 0.75 14 199
0.85 0.75 14 199
0.9 0.75 13 199
0.95 0.75 13 199
1 0.75 13 199
0 0.8 5 161
0.05 0.8 5 161
0.1 0.8 6 161
0.15 0.8 8 162
0.2 0.8 11 165
0.25 0.8 13 168
0.3 0.8 15 171
0.35 0.8 18 178
0.4 0.8 19 183
0.45 0.8 20 187
0.5 0.8 20 191
0.55 0.8 18 194
0.6 0.8 19 196
0.65 0.8 17 197
0.7 0.8 17 197
0.75 0.8 16 197
0.8 0.8 15 197
0.85 0.8 15 198
0.9 0.8 14 198
0.95 0.8 14 199
1 0.8 14 199
0 0.85 5 171
0.05 0.85 5 171
0.1 0.85 6 171
0.15 0.85 6 171
0.2 0.85 8 173
0.25 0.85 8 173
0.3 0.85 9 174
0.35 0.85 12 177
0.4 0.85 14 180
0.45 0.85 15 181
0.5 0.85 18 186
0.55 0.85 18 188
0.6 0.85 18 189
0.65 0.85 18 191
0.7 0.85 17 193
0.75 0.85 18 196
0.8 0.85 17 196
0.85 0.85 17 197
0.9 0.85 16 197
0.95 0.85 16 198
1 0.85 15 198
0 0.9 5 181
0.05 0.9 5 181
0.1 0.9 5 181
0.15 0.9 5 181
0.2 0.9 6 181
0.25 0.9 6 181
0.3 0.9 7 182
0.35 0.9 8 183
0.4 0.9 9 183
0.45 0.9 9 184
0.5 0.9 11 185
0.55 0.9 12 186
0.6 0.9 12 187
0.65 0.9 13 188
0.7 0.9 13 189
0.75 0.9 14 190
0.8 0.9 15 192
0.85 0.9 16 192
0.9 0.9 15 193
0.95 0.9 16 195
1 0.9 15 194
0 0.95 5 191
0.05 0.95 5 191
0.1 0.95 5 191
0.15 0.95 5 191
0.2 0.95 5 191
0.25 0.95 5 191
0.3 0.95 5 191
0.35 0.95 6 191
0.4 0.95 6 191
0.45 0.95 6 191
0.5 0.95 7 192
0.55 0.95 7 192
0.6 0.95 7 192
0.65 0.95 7 192
0.7 0.95 7 192
0.75 0.95 8 192
0.8 0.95 7 192
0.85 0.95 7 192
0.9 0.95 8 193
0.95 0.95 8 193
1 0.95 8 193
