transfer_probability    inoculation_fraction    avg_steps    avg_stable_ppl    avg_num_of_people__have_been_sick
0 0 5 1 1
0.05 0 29.085 62.6 62.6
0.1 0 32.73 411.92 411.92
0.15 0 24.07 477.43 477.43
0.2 0 20.295 493.145 493.145
0.25 0 17.525 496.325 496.325
0.3 0 16.04 499.6 499.6
0.35 0 14.735 499.905 499.905
0.4 0 13.805 499.975 499.975
0.45 0 13.125 500 500
0.5 0 12.48 499.995 499.995
0.55 0 12.135 500 500
0.6 0 11.71 500 500
0.65 0 11.355 500 500
0.7 0 11.09 500 500
0.75 0 10.945 500 500
0.8 0 10.745 500 500
0.85 0 10.535 500 500
0.9 0 10.15 500 500
0.95 0 10.065 500 500
1 0 10.045 500 500
0 0.05 5 26 1
0.05 0.05 24.425 65.475 40.475
0.1 0.05 31.75 371.435 346.435
0.15 0.05 24.725 464.495 439.495
0.2 0.05 20.52 488.185 463.185
0.25 0.05 18.105 498.495 473.495
0.3 0.05 16.25 499.49 474.49
0.35 0.05 15.025 499.835 474.835
0.4 0.05 14 499.97 474.97
0.45 0.05 13.23 499.995 474.995
0.5 0.05 12.825 500 475
0.55 0.05 12.21 500 475
0.6 0.05 11.865 500 475
0.65 0.05 11.56 500 475
0.7 0.05 11.24 500 475
0.75 0.05 11.05 500 475
0.8 0.05 10.885 500 475
0.85 0.05 10.615 500 475
0.9 0.05 10.405 500 475
0.95 0.05 10.17 500 475
1 0.05 10.055 500 475
0 0.1 5 51 1
0.05 0.1 19.785 72.86 22.86
0.1 0.1 32.365 365.405 315.405
0.15 0.1 25.48 464.475 414.475
0.2 0.1 21.34 489.15 439.15
0.25 0.1 18.64 497.79 447.79
0.3 0.1 16.57 496.975 446.975
0.35 0.1 15.29 499.775 449.775
0.4 0.1 14.39 499.935 449.935
0.45 0.1 13.49 499.98 449.98
0.5 0.1 12.9 499.99 449.99
0.55 0.1 12.5 500 450
0.6 0.1 12.01 500 450
0.65 0.1 11.675 500 450
0.7 0.1 11.385 500 450
0.75 0.1 11.135 500 450
0.8 0.1 11.05 500 450
0.85 0.1 10.765 500 450
0.9 0.1 10.455 500 450
0.95 0.1 10.27 500 450
1 0.1 10.12 500 450
0 0.15 5 76 1
0.05 0.15 15.765 88.82 13.82
0.1 0.15 34.68 369.845 294.845
0.15 0.15 26.575 460.035 385.035
0.2 0.15 22.12 490.25 415.25
0.25 0.15 18.94 497.61 422.61
0.3 0.15 17.125 499.105 424.105
0.35 0.15 15.635 499.71 424.71
0.4 0.15 14.72 499.9 424.9
0.45 0.15 13.84 499.96 424.96
0.5 0.15 13.195 499.99 424.99
0.55 0.15 12.69 499.995 424.995
0.6 0.15 12.285 499.995 424.995
0.65 0.15 11.885 500 425
0.7 0.15 11.485 500 425
0.75 0.15 11.22 500 425
0.8 0.15 11.075 500 425
0.85 0.15 10.925 500 425
0.9 0.15 10.72 500 425
0.95 0.15 10.48 500 425
1 0.15 10.23 500 425
0 0.2 5 101 1
0.05 0.2 12.01 107.985 7.985
0.1 0.2 34.265 337.81 237.81
0.15 0.2 27.58 454.205 354.205
0.2 0.2 22.825 488.54 388.54
0.25 0.2 19.62 492.64 392.64
0.3 0.2 17.4 498.835 398.835
0.35 0.2 16.19 499.5 399.5
0.4 0.2 14.92 499.745 399.745
0.45 0.2 14.265 499.92 399.92
0.5 0.2 13.55 499.965 399.965
0.55 0.2 12.95 500 400
0.6 0.2 12.42 499.99 399.99
0.65 0.2 12.06 500 400
0.7 0.2 11.815 500 400
0.75 0.2 11.49 500 400
0.8 0.2 11.27 500 400
0.85 0.2 11.085 500 400
0.9 0.2 10.91 500 400
0.95 0.2 10.63 500 400
1 0.2 10.43 500 400
0 0.25 5 126 1
0.05 0.25 11.965 133.19 8.19
0.1 0.25 35.31 332.3 207.3
0.15 0.25 28.115 446.57 321.57
0.2 0.25 23.85 482.76 357.76
0.25 0.25 20.45 493.55 368.55
0.3 0.25 18.14 498.36 373.36
0.35 0.25 16.655 499.355 374.355
0.4 0.25 15.385 499.715 374.715
0.45 0.25 14.495 499.875 374.875
0.5 0.25 13.84 499.975 374.975
0.55 0.25 13.23 500 375
0.6 0.25 12.745 500 375
0.65 0.25 12.39 500 375
0.7 0.25 11.98 499.995 374.995
0.75 0.25 11.68 500 375
0.8 0.25 11.425 500 375
0.85 0.25 11.24 500 375
0.9 0.25 11.045 500 375
0.95 0.25 10.88 500 375
1 0.25 10.66 500 375
0 0.3 5 151 1
0.05 0.3 11.025 156.035 6.035
0.1 0.3 34.055 311.53 161.53
0.15 0.3 29.845 440.46 290.46
0.2 0.3 23.965 470.65 320.65
0.25 0.3 20.93 494.4 344.4
0.3 0.3 18.575 497.695 347.695
0.35 0.3 17.205 497.4 347.4
0.4 0.3 15.82 499.6 349.6
0.45 0.3 14.89 499.82 349.82
0.5 0.3 14.16 499.89 349.89
0.55 0.3 13.395 499.975 349.975
0.6 0.3 13.075 499.985 349.985
0.65 0.3 12.585 499.985 349.985
0.7 0.3 12.23 499.995 349.995
0.75 0.3 11.905 500 350
0.8 0.3 11.645 500 350
0.85 0.3 11.34 500 350
0.9 0.3 11.185 500 350
0.95 0.3 11.03 500 350
1 0.3 10.86 500 350
0 0.35 5 176 1
0.05 0.35 9.665 178.955 3.955
0.1 0.35 33.735 296.21 121.21
0.15 0.35 29.615 420.83 245.83
0.2 0.35 25.11 463.255 288.255
0.25 0.35 21.78 487.76 312.76
0.3 0.35 19.29 495.205 320.205
0.35 0.35 17.665 496.93 321.93
0.4 0.35 16.435 497.85 322.85
0.45 0.35 15.42 499.715 324.715
0.5 0.35 14.48 499.9 324.9
0.55 0.35 13.86 499.94 324.94
0.6 0.35 13.38 499.97 324.97
0.65 0.35 12.815 499.99 324.99
0.7 0.35 12.52 499.995 324.995
0.75 0.35 12.185 500 325
0.8 0.35 11.945 500 325
0.85 0.35 11.56 500 325
0.9 0.35 11.395 500 325
0.95 0.35 11.185 500 325
1 0.35 11.07 500 325
0 0.4 5 201 1
0.05 0.4 8.595 203.82 3.82
0.1 0.4 28.78 278.18 78.18
0.15 0.4 30.905 407.695 207.695
0.2 0.4 26.305 464.2 264.2
0.25 0.4 22.58 481.63 281.63
0.3 0.4 20.345 492.83 292.83
0.35 0.4 18.615 496.7 296.7
0.4 0.4 16.885 499.2 299.2
0.45 0.4 15.85 499.48 299.48
0.5 0.4 15.05 499.775 299.775
0.55 0.4 14.4 499.91 299.91
0.6 0.4 13.685 499.965 299.965
0.65 0.4 13.315 499.98 299.98
0.7 0.4 12.79 499.995 299.995
0.75 0.4 12.475 499.985 299.985
0.8 0.4 12.12 500 300
0.85 0.4 11.91 499.995 299.995
0.9 0.4 11.66 500 300
0.95 0.4 11.39 500 300
1 0.4 11.185 500 300
0 0.45 5 226 1
0.05 0.45 8.39 228.01 3.01
0.1 0.45 27.425 281.36 56.36
0.15 0.45 30.805 390.025 165.025
0.2 0.45 26.93 452.49 227.49
0.25 0.45 24.09 480.3 255.3
0.3 0.45 20.9 492.955 267.955
0.35 0.45 19.155 494.665 269.665
0.4 0.45 17.825 498.55 273.55
0.45 0.45 16.48 499.26 274.26
0.5 0.45 15.42 498.18 273.18
0.55 0.45 14.76 499.81 274.81
0.6 0.45 14.16 499.915 274.915
0.65 0.45 13.625 499.95 274.95
0.7 0.45 13.26 499.97 274.97
0.75 0.45 12.915 500 275
0.8 0.45 12.475 500 275
0.85 0.45 12.17 499.995 274.995
0.9 0.45 11.98 500 275
0.95 0.45 11.585 500 275
1 0.45 11.425 500 275
0 0.5 5 251 1
0.05 0.5 7.815 252.78 2.78
0.1 0.5 22.86 282.61 32.61
0.15 0.5 32.62 387.69 137.69
0.2 0.5 29.08 453 203
0.25 0.5 24.755 470.47 220.47
0.3 0.5 21.79 483.815 233.815
0.35 0.5 20.06 491 241
0.4 0.5 18.455 497.79 247.79
0.45 0.5 17.34 497.515 247.515
0.5 0.5 16.465 499.375 249.375
0.55 0.5 15.725 499.635 249.635
0.6 0.5 14.73 499.835 249.835
0.65 0.5 14.2 499.92 249.92
0.7 0.5 13.615 499.93 249.93
0.75 0.5 13.23 499.965 249.965
0.8 0.5 12.82 500 250
0.85 0.5 12.51 499.99 249.99
0.9 0.5 12.215 499.995 249.995
0.95 0.5 11.93 499.995 249.995
1 0.5 11.7 500 250
0 0.55 5 276 1
0.05 0.55 7.485 277.31 2.31
0.1 0.55 14.48 287.53 12.53
0.15 0.55 33.125 376.25 101.25
0.2 0.55 30.13 436.795 161.795
0.25 0.55 26.345 467.11 192.11
0.3 0.55 23.085 483.475 208.475
0.35 0.55 20.88 486.475 211.475
0.4 0.55 19.6 496.815 221.815
0.45 0.55 17.935 498.2 223.2
0.5 0.55 16.935 497.805 222.805
0.55 0.55 16.235 498.225 223.225
0.6 0.55 15.365 499.63 224.63
0.65 0.55 14.795 499.82 224.82
0.7 0.55 14.17 499.925 224.925
0.75 0.55 13.785 499.89 224.89
0.8 0.55 13.32 499.94 224.94
0.85 0.55 12.87 499.975 224.975
0.9 0.55 12.61 499.99 224.99
0.95 0.55 12.475 499.985 224.985
1 0.55 12.1 500 225
0 0.6 5 301 1
0.05 0.6 6.655 301.785 1.785
0.1 0.6 12.965 308.98 8.98
0.15 0.6 28.03 357.725 57.725
0.2 0.6 30.87 422.54 122.54
0.25 0.6 28.565 464.8 164.8
0.3 0.6 24.57 475.535 175.535
0.35 0.6 22.435 488.14 188.14
0.4 0.6 20.59 492.26 192.26
0.45 0.6 19.23 497.2 197.2
0.5 0.6 17.975 495.42 195.42
0.55 0.6 17.315 498.995 198.995
0.6 0.6 16.185 499.43 199.43
0.65 0.6 15.455 498.61 198.61
0.7 0.6 14.945 499.725 199.725
0.75 0.6 14.33 499.85 199.85
0.8 0.6 13.99 499.92 199.92
0.85 0.6 13.44 499.93 199.93
0.9 0.6 13.17 499.96 199.96
0.95 0.6 12.88 499.97 199.97
1 0.6 12.5 499.98 199.98
0 0.65 5 326 1
0.05 0.65 6.53 326.625 1.625
0.1 0.65 10.705 330.205 5.205
0.15 0.65 21.285 351.625 26.625
0.2 0.65 31.05 410.39 85.39
0.25 0.65 27.205 440.015 115.015
0.3 0.65 25.905 465.825 140.825
0.35 0.65 23.485 480.995 155.995
0.4 0.65 21.855 487.67 162.67
0.45 0.65 21 494.1 169.1
0.5 0.65 19.255 496.44 171.44
0.55 0.65 18.08 496.38 171.38
0.6 0.65 17.345 498.875 173.875
0.65 0.65 16.325 497.605 172.605
0.7 0.65 15.645 499.54 174.54
0.75 0.65 15.14 499.715 174.715
0.8 0.65 14.585 499.8 174.8
0.85 0.65 14.315 499.865 174.865
0.9 0.65 13.785 499.91 174.91
0.95 0.65 13.435 499.95 174.95
1 0.65 13.145 499.99 174.99
0 0.7 5 351 1
0.05 0.7 6.29 351.615 1.615
0.1 0.7 7.975 352.805 2.805
0.15 0.7 14.72 361.27 11.27
0.2 0.7 26.19 392.52 42.52
0.25 0.7 29.605 431.435 81.435
0.3 0.7 27.395 455.71 105.71
0.35 0.7 25.345 470.005 120.005
0.4 0.7 23.68 480.975 130.975
0.45 0.7 22.155 488.37 138.37
0.5 0.7 20.605 491.975 141.975
0.55 0.7 19.505 494.47 144.47
0.6 0.7 18.42 495.88 145.88
0.65 0.7 17.665 497.845 147.845
0.7 0.7 16.89 498.175 148.175
0.75 0.7 16.13 497.85 147.85
0.8 0.7 15.565 498.715 148.715
0.85 0.7 15.155 499.71 149.71
0.9 0.7 14.615 499.815 149.815
0.95 0.7 14.38 499.815 149.815
1 0.7 13.865 499.905 149.905
0 0.75 5 376 1
0.05 0.75 6.085 376.435 1.435
0.1 0.75 7.265 377.145 2.145
0.15 0.75 10.015 379.74 4.74
0.2 0.75 16.93 391.54 16.54
0.25 0.75 25.655 418.445 43.445
0.3 0.75 27.555 441.195 66.195
0.35 0.75 25.515 455.26 80.26
0.4 0.75 25.195 472.865 97.865
0.45 0.75 22.825 476.54 101.54
0.5 0.75 21.955 484.735 109.735
0.55 0.75 21.39 492.71 117.71
0.6 0.75 20.275 493.93 118.93
0.65 0.75 18.49 492.565 117.565
0.7 0.75 17.98 495.59 120.59
0.75 0.75 17.68 498.58 123.58
0.8 0.75 16.805 496.99 121.99
0.85 0.75 16.435 498.68 123.68
0.9 0.75 15.61 497.45 122.45
0.95 0.75 15.37 498.38 123.38
1 0.75 14.755 499.09 124.09
0 0.8 5 401 1
0.05 0.8 5.73 401.29 1.29
0.1 0.8 6.83 401.9 1.9
0.15 0.8 8.045 402.81 2.81
0.2 0.8 12.45 407.3 7.3
0.25 0.8 15.705 413.51 13.51
0.3 0.8 20.525 426.855 26.855
0.35 0.8 24.395 443.805 43.805
0.4 0.8 26.03 459.205 59.205
0.45 0.8 24.835 468.715 68.715
0.5 0.8 24.185 475.885 75.885
0.55 0.8 23.72 484.765 84.765
0.6 0.8 22 486.995 86.995
0.65 0.8 20.77 488.165 88.165
0.7 0.8 20.66 493.89 93.89
0.75 0.8 19.365 493.805 93.805
0.8 0.8 18.575 494.745 94.745
0.85 0.8 18.23 497.67 97.67
0.9 0.8 17.56 497.54 97.54
0.95 0.8 16.88 498.045 98.045
1 0.8 16.435 499.105 99.105
0 0.85 5 426 1
0.05 0.85 5.515 426.21 1.21
0.1 0.85 6.09 426.52 1.52
0.15 0.85 6.935 426.92 1.92
0.2 0.85 8.085 427.845 2.845
0.25 0.85 9.5 429.085 4.085
0.3 0.85 13.82 434.14 9.14
0.35 0.85 17.265 440.765 15.765
0.4 0.85 18.81 444.435 19.435
0.45 0.85 23.245 457.88 32.88
0.5 0.85 25.13 465.25 40.25
0.55 0.85 24.67 471.665 46.665
0.6 0.85 23.145 475.535 50.535
0.65 0.85 23.55 482.775 57.775
0.7 0.85 23.43 487.655 62.655
0.75 0.85 21.445 486.985 61.985
0.8 0.85 21.55 491.75 66.75
0.85 0.85 20.21 491.475 66.475
0.9 0.85 19.93 494.015 69.015
0.95 0.85 19.04 495.22 70.22
1 0.85 18.745 495.955 70.955
0 0.9 5 451 1
0.05 0.9 5.19 451.095 1.095
0.1 0.9 5.805 451.33 1.33
0.15 0.9 6.455 451.66 1.66
0.2 0.9 6.87 451.965 1.965
0.25 0.9 7.515 452.295 2.295
0.3 0.9 8.405 452.96 2.96
0.35 0.9 9.085 453.705 3.705
0.4 0.9 9.965 454.475 4.475
0.45 0.9 12.61 457.725 7.725
0.5 0.9 14.015 459.785 9.785
0.55 0.9 15.74 462.17 12.17
0.6 0.9 16.69 464.04 14.04
0.65 0.9 19.85 469.51 19.51
0.7 0.9 20.54 472.775 22.775
0.75 0.9 21.97 476.51 26.51
0.8 0.9 21.295 478.285 28.285
0.85 0.9 21.6 482.19 32.19
0.9 0.9 22.805 485.885 35.885
0.95 0.9 22.375 487.755 37.755
1 0.9 20.46 487.68 37.68
0 0.95 5 476 1
0.05 0.95 5.185 476.075 1.075
0.1 0.95 5.235 476.09 1.09
0.15 0.95 5.375 476.155 1.155
0.2 0.95 5.835 476.36 1.36
0.25 0.95 5.895 476.355 1.355
0.3 0.95 6.18 476.53 1.53
0.35 0.95 6.3 476.58 1.58
0.4 0.95 6.32 476.645 1.645
0.45 0.95 6.76 476.88 1.88
0.5 0.95 7.245 477.12 2.12
0.55 0.95 7.275 477.235 2.235
0.6 0.95 7.425 477.265 2.265
0.65 0.95 7.62 477.54 2.54
0.7 0.95 9.145 478.43 3.43
0.75 0.95 9.335 478.605 3.605
0.8 0.95 9.555 479.08 4.08
0.85 0.95 9.76 479.165 4.165
0.9 0.95 10.365 479.695 4.695
0.95 0.95 10.69 480.355 5.355
1 0.95 11.715 480.795 5.795
